3 
8 
6 
4 
6 
9 
2 
1 
2 
6 
7 
3 
2 
3 
5 
5 
1 
3 
3 
1 
8 
10 
9 
6 
9 
2 
6 
8 
5 
8 
1 
9 
6 
8 
3 
5 
8 
3 
5 
7 
5 
8 
5 
9 
10 
5 
5 
7 
1 
4 
6 
7 
7 
3 
5 
6 
7 
9 
2 
2 
2 
3 
2 
7 
4 
10 
4 
4 
3 
9 
1 
5 
3 
1 
6 
6 
4 
3 
5 
7 
7 
9 
9 
1 
10 
9 
9 
2 
6 
3 
1 
6 
1 
6 
5 
6 
8 
8 
9 
5 
4 
9 
4 
4 
1 
2 
4 
5 
1 
5 
1 
5 
9 
5 
6 
5 
6 
2 
6 
2 
6 
4 
7 
4 
8 
10 
4 
6 
10 
4 
2 
4 
6 
6 
9 
1 
3 
2 
1 
6 
9 
7 
8 
6 
4 
9 
1 
2 
7 
1 
3 
9 
5 
6 
7 
6 
7 
5 
9 
4 
5 
2 
5 
10 
3 
10 
5 
1 
10 
4 
2 
7 
3 
7 
6 
5 
2 
9 
5 
10 
3 
10 
6 
7 
6 
6 
1 
6 
7 
7 
5 
4 
