0000000110010101
0000000110001110
0000000100111000
0000000100011011
0000000101101001
0000000110000110
0000000101011010
0000000011010000
0000000100011011
0000000011101100
0000000011101101
0000000101100000
0000000101000110
0000000101110110
0000000100110110
0000000101011101
0000000101010111
0000000111001010
0000000101010101
0000000101101111
0000000110101000
0000001000000000
0000000110000001
0000000100110110
0000000110001001
0000000100111101
0000000100010100
0000000110100111
0000000101100111
0000000110001010
0000000101001110
0000000111001001
0000000110011011
0000001000000101
0000000101100000
0000000101101111
0000000110100110
0000001000010011
0000000101111010
0000000100110110
0000000101101100
0000000100111101
0000000101001011
0000000110110110
0000000110000010
0000000110100111
0000000110010011
0000000110110101
0000000110001100
0000001001100111
0000000110011001
0000000101101110
0000000111011000
0000001000011100
0000000110000010
0000000101101111
0000000101110010
0000000101100110
0000000101011010
0000000111001010
0000000110000011
0000000110101101
0000000110000110
0000000111001100
0000000101110011
0000000111101101
0000000101111011
0000000101001001
0000000111100101
0000000111110110
0000000110110000
0000000100101011
0000000110010011
0000000101010110
0000000101000110
0000000110100101
0000000101111111
0000000111000000
0000000101010100
0000000111001001
0000000100110001
0000000110101101
0000000101000011
0000000101100110
0000000110011010
0000000111011000
0000000101110111
0000000101000100
0000000110100110
0000000101000011
0000000100101000
0000000110001010
0000000101010111
0000000110011011
0000000101001100
0000000110101001
0000000100111101
0000000110010101
0000000101101001
0000000100101000
0000000101100000
0000000110111100
0000000100111110
0000000011100011
0000000100110010
0000000011111111
0000000011100100
0000000100111000
0000000011100111
0000000101010011
0000000011110100
0000000101011101
0000000100010001
0000000101011111
0000000100010100
0000000100111111
0000000101011010
0000000110010000
0000000101010001
0000000100001111
0000000101010101
0000000100011101
0000000011110001
0000000101011100
0000000101000110
0000000101100111
0000000011101100
0000000101101100
0000000100000001
0000000100100100
0000000011101100
0000000100010010
0000000011111001
0000000100101000
0000000011101111
0000000010111101
0000000011101100
0000000011010001
0000000010110100
0000000011111111
0000000011110111
0000000100010111
0000000011001101
0000000100001101
0000000100011000
0000000101101011
0000000100101011
0000000110000000
0000000100101101
0000000110011101
0000000100101010
0000000011110100
0000000101001001
0000000100100010
0000000011001101
0000000101001001
0000000100100110
0000000101010111
0000000100010010
0000000101001000
0000000110001111
0000000111010011
0000000101100011
0000000110001001
0000000101111011
0000000110110111
0000000101100010
0000000100101100
0000000101100001
0000000101000010
0000000100101000
0000000110000110
0000000101110011
0000000110101010
0000000101010101
0000000110000110
0000000110001011
0000001000101111
0000000110001101
0000000110000001
0000000111100011
0000000111001001
0000000110001001
0000000101111010
0000000110010001
0000000110000111
0000000101001000
0000000110110011
0000000110001000
0000000110101110
0000000101110000
0000000111001001
0000000101101110
0000000111010101
0000000101100010
0000000100101010
0000000111100110
0000000111001000
0000000110100000
0000000100111010
0000000110000001
0000000101001111
0000000100101101
0000000110011110
0000000101100110
0000000110100100
0000000101001101
0000000110111000
0000000110000011
0000001000011000
0000000110110100
0000000110011011
0000000111000000
0000001010110001
0000000111000000
0000000100110101
0000000110101110
0000000100110110
0000000100110000
0000000111100010
0000000101011000
0000000111010110
0000000101100100
0000000111101001
0000000110000111
0000001000001110
0000000101110010
0000000101101100
0000000110111110
0000000111111011
0000000101111010
0000000101100110
0000000110000000
0000000101011011
0000000110010010
0000000111000111
0000000110010111
0000000111001001
0000000101011010
0000000111001001
0000000101001100
0000000111101101
0000000101100101
0000000101010100
0000000110111101
0000000110010010
0000000101011101
0000000101001100
0000000101110001
0000000101111011
0000000100010100
0000000101111011
0000000101001100
0000000101101100
0000000101001010
0000000110001101
0000000101011111
0000000110000001
0000000101000010
0000000100100110
0000000110100011
0000000110111101
0000000110100101
0000000100001001
0000000101110111
0000000100001100
0000000011100100
0000000101111111
0000000101010101
0000000110011110
0000000100101101
0000000110010010
0000000100011001
0000000110011101
0000000100110100
0000000101000000
0000000101101010
0000000110111001
0000000101000110
0000000100111010
0000000101110111
0000000100001011
0000000100011011
0000000101110101
0000000100110010
0000000101110110
0000000100001111
0000000110000110
0000000100110010
0000000101101001
0000000100111010
0000000100001010
0000000101011111
0000000101111010
0000000100110001
0000000011001100
0000000100010100
0000000100001100
0000000011100110
0000000100101001
0000000011111100
0000000101000000
0000000011110110
0000000101010000
0000000011010100
0000000101110001
0000000011100100
0000000011111011
0000000100110111
0000000100110011
0000000100000101
0000000100110010
0000000100010111
0000000100000111
0000000011100111
0000000100111000
0000000100100010
0000000100011011
0000000011101101
0000000100110100
0000000100010110
0000000110000111
0000000100010011
0000000100000000
0000000101011000
0000000101010111
0000000100101101
0000000011110010
0000000100110100
0000000100010000
0000000011011111
0000000100110111
0000000100011101
0000000101001101
0000000100101001
0000000100101011
0000000100010010
0000000101110111
0000000100110111
0000000011110010
0000000101111000
0000000101111111
0000000101100100
0000000100001110
0000000101001101
0000000011110111
0000000011100100
0000000100111011
0000000100001011
0000000101101101
0000000011101100
0000000101100110
0000000100011111
0000000101110001
0000000100110001
0000000101000111
0000000110000011
0000000110110010
0000000101110110
0000000100011010
0000000110100001
0000000100101010
0000000011110011
0000000101111100
0000000100111110
0000000110001111
0000000100100001
0000000110000110
0000000101010101
0000000110010111
0000000101101101
0000000101110001
0000000101100110
0000000111101101
0000000101111110
0000000100000011
0000000101100100
0000000100010001
0000000011101000
0000000101101010
0000000100100010
0000000110010101
0000000100010101
0000000101111101
0000000100110000
0000000110010011
0000000100111000
0000000100100110
0000000101100111
0000000101101100
0000000100101110
0000000100011010
0000000100101100
0000000100011010
0000000100011010
0000000101010010
0000000100111011
0000000101011010
0000000011101011
0000000101110101
0000000011101110
0000000101101000
0000000100000101
0000000100100110
0000000101010010
0000000100111010
0000000100010100
0000000100000110
0000000100101011
0000000100110110
0000000011100001
0000000100100111
0000000100010110
0000000100100001
0000000100000110
0000000100110110
0000000011110100
0000000101011100
0000000011100111
0000000011001101
0000000100101010
0000000100110110
0000000011100011
0000000011101010
0000000011110101
0000000011011001
0000000100011001
0000000100010101
0000000100000000
0000000100011001
0000000011100111
0000000100110001
0000000011110000
0000000101001010
0000000100000010
0000000100000100
0000000101000001
0000000101001111
0000000100001111
0000000011010100
0000000100100111
0000000100001010
0000000010111110
0000000100011000
0000000011100001
0000000100010111
0000000100010100
0000000100011111
0000000100110100
0000000101101111
0000000100011111
0000000011101011
0000000101010001
0000000110010110
0000000101001010
0000000011101000
0000000100011110
0000000011000100
0000000011001001
0000000101001110
0000000011111100
0000000101010010
0000000100000010
0000000101000000
0000000101011100
0000000111000101
0000000100111000
0000000101000001
0000000110011011
0000000111100011
0000000101111101
0000000100110111
0000000110000000
0000000100100101
0000000100010111
0000000110110010
0000000101110101
0000000110011100
0000000101001101
0000000110011100
0000000101001001
0000000110011110
0000000101011011
0000000100111101
0000000110000011
0000000111001110
0000000101010000
0000000100000001
0000000101101100
0000000100011001
0000000100011100
0000000101111011
0000000100100001
0000000101111100
0000000100100110
0000000110001000
0000000100011000
0000000110010011
0000000101000101
0000000100100010
0000000101100101
0000000110101010
0000000101000111
0000000100001100
0000000100011001
0000000100001111
0000000011100011
0000000101001010
0000000100001010
0000000101001001
0000000011101001
0000000101011100
0000000101000100
0000000110000110
0000000011101011
0000000100101010
0000000101100100
0000000101010111
0000000101001111
0000000100011100
0000000100111101
0000000100010111
0000000100000100
0000000101110000
0000000110011010
0000000101111111
0000000100111110
0000000101100110
0000000100100111
0000000110011111
0000000100110011
0000000100011001
0000000101011101
0000000101110101
0000000100100100
0000000100000011
0000000100111000
0000000100001010
0000000011111010
0000000100111001
0000000100000111
0000000101000001
0000000100101001
0000000101011010
0000000100101111
0000000111011010
0000000101101101
0000000101011101
0000000110101000
0000001000000011
0000000101111000
0000000100110011
0000000101111000
0000000101001001
0000000100001101
0000000110000000
0000000100110101
0000000110001000
0000000100111111
0000000110010000
0000000101111110
0000000110101100
0000000101010001
0000000101010110
0000000110011100
0000000111010011
0000000110100010
0000000100011010
0000000110001100
0000000100100110
0000000100011011
0000000110100000
0000000101111010
0000000111001001
0000000101000111
0000000110100000
0000000101000001
0000000110001011
0000000101010110
0000000100110111
0000000101111010
0000000110101100
0000000101011001
0000000100000010
0000000101011000
0000000100011001
0000000011111101
0000000101010110
0000000100100000
0000000101101010
0000000011111111
0000000110010100
0000000011111000
0000000101110001
0000000011111000
0000000100000000
0000000101001101
0000000101100001
0000000100010010
0000000100000110
0000000100000011
0000000100010000
0000000011111000
0000000100110001
0000000100011001
0000000100011010
0000000011110101
0000000101001101
0000000100110000
0000000110000010
0000000011110000
0000000100010101
0000000101010000
0000000101100001
0000000100101010
0000000011101101
0000000100100001
0000000011111111
0000000011101010
0000000101001100
0000000101000001
0000000101000101
0000000101001100
0000000100111011
0000000101100000
0000000111000100
0000000101011001
0000000101001001
0000000110111011
0000000111100011
0000000110010001
0000000100110110
0000000110000110
0000000100110110
0000000100101110
0000000110011101
0000000101100110
0000000110011011
0000000101000000
0000000110111101
0000000011111011
0000000101100101
0000000100011110
0000000100000011
0000000101000011
0000000110000111
0000000100011000
0000000011100100
0000000100100000
0000000011110101
0000000011110100
0000000100110010
0000000011110000
0000000100101000
0000000011100000
0000000101010101
0000000100101100
0000000101010111
0000000100000000
0000000100011101
0000000101010111
0000000101110110
0000000100110110
0000000011101000
0000000100110101
0000000100001011
0000000011101111
0000000101001110
0000000100110011
0000000101001100
0000000100110011
0000000101001001
0000000101001001
0000000110110010
0000000100111000
0000000100001011
0000000101010111
0000000110101001
0000000100111001
0000000100000110
0000000100000100
0000000011100100
0000000011011010
0000000101010001
0000000100010000
0000000101000000
0000000100011001
0000000101010111
0000000101000011
0000000110111110
0000000100101111
0000000100101110
0000000110011100
0000000111001011
0000000101100011
0000000100100010
0000000101100101
0000000100101011
0000000100111000
0000000110010111
0000000101100100
0000000110001001
0000000101000100
0000000110010110
0000000101001100
0000000111000110
0000000101011100
0000000101110111
0000000110001100
0000000111110011
0000000101111110
0000000100100010
0000000110000101
0000000101000100
0000000100001111
0000000110000111
0000000101001111
0000000110100001
0000000101011110
0000000110010011
0000000110001000
0000000110101011
0000000101110001
0000000100111110
0000000110010101
0000000111001101
0000000101111110
0000000011110100
0000000101011100
0000000100001001
0000000100010000
0000000101111001
0000000101000100
0000000110011010
0000000100101011
0000000110011001
0000000100101111
0000000110101011
0000000100111011
0000000101000000
0000000110010011
0000000110101101
0000000101001010
0000000101000001
0000000101100110
0000000101000111
0000000100101111
0000000110000101
0000000101000101
0000000101011110
0000000100110010
0000000110100100
0000000101000100
0000000110101111
0000000100111110
0000000100111001
0000000101011010
0000000111001010
0000000101001000
0000000011101100
0000000100011000
0000000100000010
0000000011010000
0000000101011101
0000000100100011
0000000101001111
0000000100101001
0000000101001111
0000000100101100
0000000110011100
0000000011111111
0000000011111000
0000000101011100
0000000101100000
0000000100100000
0000000100100101
0000000100110010
0000000011111111
0000000100111100
0000000101011111
0000000101010011
0000000101100001
0000000100011111
0000000101100111
0000000101010011
0000000111000100
0000000101011100
0000000101011110
0000000110100100
0000000111001001
0000000110000011
0000000100010110
0000000101101000
0000000101011100
0000000011101010
0000000101101010
0000000101001101
0000000101111101
0000000101100100
0000000110001000
0000000100110100
0000000110110110
0000000100101001
0000000011111011
0000000110000001
0000000110010111
0000000101001011
0000000100101001
0000000101001110
0000000011101110
0000000100101101
0000000101101110
0000000100111011
0000000101111100
0000000100011111
0000000101111101
0000000100110000
0000000110001101
0000000101010111
0000000100111111
0000000110101011
0000000111000000
0000000101100100
0000000011110100
0000000110000011
0000000101000100
0000000100001001
0000000101100100
0000000100001011
0000000101110001
0000000100110000
0000000110010001
