405 
398 
312 
283 
361 
390 
346 
208 
283 
236 
237 
352 
326 
374 
310 
349 
343 
458 
341 
367 
424 
512 
385 
310 
393 
317 
276 
423 
359 
394 
334 
457 
411 
517 
352 
367 
422 
531 
378 
310 
364 
317 
331 
438 
386 
423 
403 
437 
396 
615 
409 
366 
472 
540 
386 
367 
370 
358 
346 
458 
387 
429 
390 
460 
371 
493 
379 
329 
485 
502 
432 
299 
403 
342 
326 
421 
383 
448 
340 
457 
305 
429 
323 
358 
410 
472 
375 
324 
422 
323 
296 
394 
343 
411 
332 
425 
317 
405 
361 
296 
352 
444 
318 
227 
306 
255 
228 
312 
231 
339 
244 
349 
273 
351 
276 
319 
346 
400 
337 
271 
341 
285 
241 
348 
326 
359 
236 
364 
257 
292 
236 
274 
249 
296 
239 
189 
236 
209 
180 
255 
247 
279 
205 
269 
280 
363 
299 
384 
301 
413 
298 
244 
329 
290 
205 
329 
294 
343 
274 
328 
399 
467 
355 
393 
379 
439 
354 
300 
353 
322 
296 
390 
371 
426 
341 
390 
395 
559 
397 
385 
483 
457 
393 
378 
401 
391 
328 
435 
392 
430 
368 
457 
366 
469 
354 
298 
486 
456 
416 
314 
385 
335 
301 
414 
358 
420 
333 
440 
387 
536 
436 
411 
448 
689 
448 
309 
430 
310 
304 
482 
344 
470 
356 
489 
391 
526 
370 
364 
446 
507 
378 
358 
384 
347 
402 
455 
407 
457 
346 
457 
332 
493 
357 
340 
445 
402 
349 
332 
369 
379 
276 
379 
332 
364 
330 
397 
351 
385 
322 
294 
419 
445 
421 
265 
375 
268 
228 
383 
341 
414 
301 
402 
281 
413 
308 
320 
362 
441 
326 
314 
375 
267 
283 
373 
306 
374 
271 
390 
306 
361 
314 
266 
351 
378 
305 
204 
276 
268 
230 
297 
252 
320 
246 
336 
212 
369 
228 
251 
311 
307 
261 
306 
279 
263 
231 
312 
290 
283 
237 
308 
278 
391 
275 
256 
344 
343 
301 
242 
308 
272 
223 
311 
285 
333 
297 
299 
274 
375 
311 
242 
376 
383 
356 
270 
333 
247 
228 
315 
267 
365 
236 
358 
287 
369 
305 
327 
387 
434 
374 
282 
417 
298 
243 
380 
318 
399 
289 
390 
341 
407 
365 
369 
358 
493 
382 
259 
356 
273 
232 
362 
290 
405 
277 
381 
304 
403 
312 
294 
359 
364 
302 
282 
300 
282 
282 
338 
315 
346 
235 
373 
238 
360 
261 
294 
338 
314 
276 
262 
299 
310 
225 
295 
278 
289 
262 
310 
244 
348 
231 
205 
298 
310 
227 
234 
245 
217 
281 
277 
256 
281 
231 
305 
240 
330 
258 
260 
321 
335 
271 
212 
295 
266 
190 
280 
225 
279 
276 
287 
308 
367 
287 
235 
337 
406 
330 
232 
286 
196 
201 
334 
252 
338 
258 
320 
348 
453 
312 
321 
411 
483 
381 
311 
384 
293 
279 
434 
373 
412 
333 
412 
329 
414 
347 
317 
387 
462 
336 
257 
364 
281 
284 
379 
289 
380 
294 
392 
280 
403 
325 
290 
357 
426 
327 
268 
281 
271 
227 
330 
266 
329 
233 
348 
324 
390 
235 
298 
356 
343 
335 
284 
317 
279 
260 
368 
410 
383 
318 
358 
295 
415 
307 
281 
349 
373 
292 
259 
312 
266 
250 
313 
263 
321 
297 
346 
303 
474 
365 
349 
424 
515 
376 
307 
376 
329 
269 
384 
309 
392 
319 
400 
382 
428 
337 
342 
412 
467 
418 
282 
396 
294 
283 
416 
378 
457 
327 
416 
321 
395 
342 
311 
378 
428 
345 
258 
344 
281 
253 
342 
288 
362 
255 
404 
248 
369 
248 
256 
333 
353 
274 
262 
259 
272 
248 
305 
281 
282 
245 
333 
304 
386 
240 
277 
336 
353 
298 
237 
289 
255 
234 
332 
321 
325 
332 
315 
352 
452 
345 
329 
443 
483 
401 
310 
390 
310 
302 
413 
358 
411 
320 
445 
251 
357 
286 
259 
323 
391 
280 
228 
288 
245 
244 
306 
240 
296 
224 
341 
300 
343 
256 
285 
343 
374 
310 
232 
309 
267 
239 
334 
307 
332 
307 
329 
329 
434 
312 
267 
343 
425 
313 
262 
260 
228 
218 
337 
272 
320 
281 
343 
323 
446 
303 
302 
412 
459 
355 
290 
357 
299 
312 
407 
356 
393 
324 
406 
332 
454 
348 
375 
396 
499 
382 
290 
389 
324 
271 
391 
335 
417 
350 
403 
392 
427 
369 
318 
405 
461 
382 
244 
348 
265 
272 
377 
324 
410 
299 
409 
303 
427 
315 
320 
403 
429 
330 
321 
358 
327 
303 
389 
325 
350 
306 
420 
324 
431 
318 
313 
346 
458 
328 
236 
280 
258 
208 
349 
291 
335 
297 
335 
300 
412 
255 
248 
348 
352 
288 
293 
306 
255 
316 
351 
339 
353 
287 
359 
339 
452 
348 
350 
420 
457 
387 
278 
360 
348 
234 
362 
333 
381 
356 
392 
308 
438 
297 
251 
385 
407 
331 
297 
334 
238 
301 
366 
315 
380 
287 
381 
304 
397 
343 
319 
427 
448 
356 
244 
387 
324 
265 
356 
267 
369 
304 
401 
