405 
343 
411 
396 
371 
305 
317 
273 
257 
280 
399 
395 
366 
398 
458 
517 
615 
493 
429 
405 
351 
292 
363 
467 
559 
469 
312 
341 
352 
409 
379 
323 
361 
276 
236 
299 
355 
397 
354 
283 
367 
367 
366 
329 
358 
296 
319 
274 
384 
393 
385 
298 
361 
424 
422 
472 
485 
410 
352 
346 
249 
301 
379 
483 
486 
390 
512 
531 
540 
502 
472 
444 
400 
296 
413 
439 
457 
456 
346 
385 
378 
386 
432 
375 
318 
337 
239 
298 
354 
393 
416 
208 
310 
310 
367 
299 
324 
227 
271 
189 
244 
300 
378 
314 
283 
393 
364 
370 
403 
422 
306 
341 
236 
329 
353 
401 
385 
236 
317 
317 
358 
342 
323 
255 
285 
209 
290 
322 
391 
335 
237 
276 
331 
346 
326 
296 
228 
241 
180 
205 
296 
328 
301 
352 
423 
438 
458 
421 
394 
312 
348 
255 
329 
390 
435 
414 
326 
359 
386 
387 
383 
343 
231 
326 
247 
294 
371 
392 
358 
374 
394 
423 
429 
448 
411 
339 
359 
279 
343 
426 
430 
420 
310 
334 
403 
390 
340 
332 
244 
236 
205 
274 
341 
368 
333 
349 
457 
437 
460 
457 
425 
349 
364 
269 
328 
390 
457 
440 
387 
391 
332 
351 
281 
306 
212 
278 
274 
287 
341 
304 
238 
536 
526 
493 
385 
413 
361 
369 
391 
375 
369 
407 
403 
360 
436 
370 
357 
322 
308 
314 
228 
275 
311 
305 
365 
312 
261 
411 
364 
340 
294 
320 
266 
251 
256 
242 
327 
369 
294 
294 
448 
446 
445 
419 
362 
351 
311 
344 
376 
387 
358 
359 
338 
689 
507 
402 
445 
441 
378 
307 
343 
383 
434 
493 
364 
314 
448 
378 
349 
421 
326 
305 
261 
301 
356 
374 
382 
302 
276 
309 
358 
332 
265 
314 
204 
306 
242 
270 
282 
259 
282 
262 
430 
384 
369 
375 
375 
276 
279 
308 
333 
417 
356 
300 
299 
310 
347 
379 
268 
267 
268 
263 
272 
247 
298 
273 
282 
310 
304 
402 
276 
228 
283 
230 
231 
223 
228 
243 
232 
282 
225 
482 
455 
379 
383 
373 
297 
312 
311 
315 
380 
362 
338 
295 
344 
407 
332 
341 
306 
252 
290 
285 
267 
318 
290 
315 
278 
470 
457 
364 
414 
374 
320 
283 
333 
365 
399 
405 
346 
289 
356 
346 
330 
301 
271 
246 
237 
297 
236 
289 
277 
235 
262 
489 
457 
397 
402 
390 
336 
308 
299 
358 
390 
381 
373 
310 
244 
240 
308 
348 
329 
280 
324 
295 
303 
382 
321 
248 
304 
348 
330 
367 
453 
414 
403 
390 
415 
474 
428 
395 
369 
386 
231 
258 
287 
312 
347 
325 
235 
307 
365 
337 
342 
248 
240 
205 
260 
235 
321 
317 
290 
298 
281 
349 
342 
311 
256 
277 
298 
321 
337 
411 
387 
357 
356 
349 
424 
412 
378 
333 
336 
310 
335 
406 
483 
462 
426 
343 
373 
515 
467 
428 
353 
353 
227 
271 
330 
381 
336 
327 
335 
292 
376 
418 
345 
274 
298 
234 
212 
232 
311 
257 
268 
284 
259 
307 
282 
258 
262 
237 
245 
295 
286 
384 
364 
281 
317 
312 
376 
396 
344 
259 
289 
217 
266 
196 
293 
281 
271 
279 
266 
329 
294 
281 
272 
255 
281 
190 
201 
279 
284 
227 
260 
250 
269 
283 
253 
248 
234 
277 
280 
334 
434 
379 
330 
368 
313 
384 
416 
342 
305 
332 
256 
225 
252 
373 
289 
266 
410 
263 
309 
378 
288 
281 
321 
281 
279 
338 
412 
380 
329 
383 
321 
392 
457 
362 
282 
325 
231 
276 
258 
333 
294 
233 
318 
297 
319 
327 
255 
245 
332 
305 
287 
320 
412 
392 
348 
358 
346 
400 
416 
404 
333 
315 
352 
251 
300 
329 
323 
332 
392 
303 
324 
300 
339 
308 
304 
452 
357 
343 
434 
446 
454 
427 
427 
431 
412 
452 
438 
397 
345 
286 
256 
312 
303 
348 
369 
315 
318 
255 
348 
297 
343 
329 
259 
285 
267 
302 
375 
318 
320 
313 
248 
350 
251 
319 
443 
323 
343 
343 
412 
396 
405 
403 
346 
348 
420 
385 
427 
483 
391 
374 
425 
459 
499 
461 
429 
458 
352 
457 
407 
448 
401 
280 
310 
313 
355 
382 
382 
330 
328 
288 
387 
331 
356 
310 
228 
232 
262 
290 
290 
244 
321 
236 
293 
278 
297 
244 
390 
288 
309 
260 
357 
389 
348 
358 
280 
306 
360 
334 
387 
310 
245 
267 
228 
299 
324 
265 
327 
258 
255 
348 
238 
324 
302 
244 
239 
218 
312 
271 
272 
303 
208 
316 
234 
301 
265 
413 
306 
334 
337 
407 
391 
377 
389 
349 
351 
362 
366 
356 
358 
240 
307 
272 
356 
335 
324 
325 
291 
339 
333 
315 
267 
411 
296 
332 
320 
393 
417 
410 
350 
335 
353 
381 
380 
369 
320 
224 
307 
281 
324 
350 
299 
306 
297 
287 
356 
287 
304 
445 
341 
329 
343 
406 
403 
409 
420 
335 
359 
392 
381 
401 
